680
1999
2001
1995
1980
2001
1982
1988
2001
2008
2012
1992
2012
2005
2005
2007
1980
1993
1993
1996
1996
1986
2011
1991
2003
1980
1986
1998
1988
1996
1987
2012
1983
2008
1994
1984
1996
1997
1993
1985
1992
1992
1997
1991
1984
1990
1986
1985
2003
2000
2002
1986
2006
2000
1998
1997
2000
2004
1982
2009
1988
1989
2008
1991
1984
1990
1995
2001
2007
2008
2006
1987
1988
1991
1998
1993
2001
2005
1998
1992
1993
1987
1998
1987
2008
1984
2004
1995
2008
2006
1992
1984
1983
1987
1995
1988
1998
2010
2009
1992
2006
2002
1999
1981
1980
1985
1994
2002
2011
1980
1981
1992
1987
2000
1999
1982
2004
1990
1998
2000
1984
2010
2004
1988
1985
1986
1996
2003
1984
1993
1983
2011
1983
2003
2012
1984
2009
1993
2006
2008
1993
2008
1987
2001
1995
2006
2004
1987
1984
1990
2007
1988
1987
1999
1997
1993
2006
1981
1983
2011
1994
1986
2009
1997
2010
2009
2001
2006
1989
1994
2001
2003
1989
2008
1992
2005
2001
1984
2012
2006
1994
2007
1981
2001
1994
1999
1981
1987
2000
1985
1986
1981
1992
1982
1998
1989
2011
1986
1982
1988
2001
2004
2012
2011
1999
1992
2004
1988
1996
2004
1981
2010
1998
1983
1999
1980
2002
2001
1988
1990
2006
1994
1991
1985
1997
2010
1994
1996
1984
1997
2005
2006
1988
2004
2004
2008
1984
1995
1984
2000
1986
1986
1997
2005
1990
1983
2006
1980
2004
1981
1990
1998
1996
2001
2003
1980
1999
1985
1997
2003
2003
1989
1996
2012
1980
1988
2007
1984
2004
2012
2005
2011
1985
1989
2004
1995
1993
1997
1995
1985
1999
2005
2004
1982
1994
1994
1983
1981
2000
2000
2004
1990
2009
1988
1989
2010
1996
1984
1982
1987
1983
2007
1985
1989
1984
2009
2005
1998
1994
1988
2003
1980
1981
1994
1982
1995
2009
1986
1996
1997
2006
1988
2007
2003
1996
1984
2000
2012
1989
2002
1987
1993
1997
1993
2002
2001
1989
1995
1986
2004
2003
2010
2004
2004
1991
2007
1987
1988
1980
2003
2005
2007
2012
2000
1997
1995
2004
1985
1995
1980
2008
2003
1994
1992
1983
1983
1980
1993
1998
1986
1984
1988
1983
2009
1980
1995
2003
1987
2003
2004
2011
1996
1998
2010
1984
1983
1993
2008
1989
2009
2009
1984
1999
1991
1996
2003
1994
1996
1983
1980
2003
1988
1989
2006
1984
1989
1989
2008
1996
1980
1999
1995
1996
1985
1992
2000
1989
2005
1996
1998
2002
1993
2002
1988
2004
1985
2012
1986
2002
1982
1987
1992
1990
1996
1985
1995
2006
1994
1990
1990
1994
2009
2005
2011
1982
1985
1999
1991
2010
1983
2009
2000
1996
1998
2009
1988
2004
2008
1994
1993
2010
2001
2005
1988
1985
2011
2003
2011
1993
1980
1989
2008
2010
1981
2007
2012
1986
1993
1991
1984
1996
1987
2004
1980
2006
2000
1989
1997
1995
2004
2011
1993
1993
2004
2002
1998
2002
1992
1997
1983
1993
2006
2012
1991
2007
2006
1991
1981
1986
2002
1985
2003
2009
2010
2004
2003
1998
1980
1988
1981
2004
1986
1994
1984
2011
1983
2003
2000
1996
1987
2004
2010
1980
2003
1988
2008
1996
1999
2010
2003
1989
1983
1994
1986
1980
1985
2009
1999
1986
1985
2000
2010
1991
1981
1982
1989
1985
2005
2010
2001
2012
2002
1999
1980
1992
2007
2009
2009
1994
2006
1999
2004
2009
1981
2010
2010
1986
2007
1996
1992
2012
1983
1990
1991
1985
1992
2001
1990
1985
1999
2012
1984
1988
1998
1985
2001
1993
1981
1997
2008
2008
1984
1999
2004
1985
1997
2001
1992
1991
1984
2004
1991
1987
1982
2002
1993
1995
1990
2003
2000
2010
2003
2005
1985
1989
2011
2006
2002
2012
1991
1998
2008
1995
1985
1999
2000
2002
1988
2012
1981
1993
2004
1992
2001
2007
1982
1981
1989
1993
2004
2010
1990
1995
2002
1995
2004
2000
1989
1994
2000
2000
2012
1996
1983
1985
1982
2003
2008
1991
2003
2009
2004
1994
1989
1992
1989
1992
1993
1998
2005
1985