527
1988
2003
1995
2011
2014
2011
1998
2000
2010
2015
2004
2016
2018
1994
2011
1995
1983
2007
1985
2000
2018
1998
2010
1995
2013
1994
1987
2018
2011
1990
2005
2017
2011
2017
2009
2006
2010
1989
1988
2001
1986
2009
1999
1986
1984
1991
1998
1985
2016
2000
2002
2016
2016
1993
1993
2010
2005
1997
2010
1997
2005
1996
1995
1997
1995
1986
1984
1986
1992
1989
2005
1996
2015
1986
1999
2017
1995
2014
1984
1992
1996
2003
1990
1994
2014
2000
1985
2001
2014
2013
2015
2001
1991
1992
2015
2004
1995
2016
2008
2005
1987
1994
2018
1983
1997
1998
2018
2010
1994
1983
1984
2008
2004
1991
1983
2000
2008
1986
2018
2004
2016
2015
1986
1989
1988
2018
2010
2000
2016
1999
1987
1984
2011
1986
1985
1990
2002
1984
2017
2014
1985
2018
2003
2007
1990
2003
1988
2016
2006
1988
2001
2004
1984
2005
2010
1989
2004
2002
2007
2002
2018
2011
2003
2011
2014
2006
2018
1998
2008
2017
1993
2010
2016
2013
1998
1988
1997
2004
1986
1985
2009
2004
2006
2011
1991
1997
2017
2013
2017
2005
1996
2017
1997
2017
2009
1993
2004
2009
2009
1993
2007
1983
1985
2005
2014
2001
2011
1993
1986
2014
1995
2013
2000
2018
2005
2009
1997
2004
2003
1996
1990
2016
1994
2005
2014
1985
2016
1999
2011
2007
2010
2000
2007
2012
1987
2003
1994
2016
2013
1997
2012
1989
1992
1993
1989
2015
1984
2004
2000
2004
2017
2008
2001
1993
1994
1996
1995
1992
2013
1987
2016
2004
2005
2005
1997
2009
1989
2009
2006
1984
1988
2000
1990
1997
2011
1997
1993
2012
1983
2010
1997
2018
1999
2015
1992
2011
1993
2005
1985
1987
2010
2018
2009
1996
2005
1988
1987
2011
2014
2011
2012
1983
1992
1984
1997
1984
1999
2008
2013
2000
2000
1991
2000
2017
1988
2010
2010
1998
1996
2012
2003
1987
2012
1994
2001
1998
1999
2005
1991
1995
1997
1985
1995
2007
1987
2010
2009
2004
2000
2003
1985
2017
2012
2002
2015
2018
1993
2007
1997
2006
2000
2018
2011
1994
1993
1993
2009
2010
2016
2018
1986
1995
1984
1999
1983
1989
1990
2009
2010
2007
1994
2012
2006
1988
1996
2003
1987
2007
1991
2002
1995
2009
2001
1987
1984
2012
1998
2010
2004
1995
2010
2008
2007
2012
1988
2008
2018
1996
1998
2009
1984
2010
2003
2008
2015
2017
1992
1983
2005
2001
2003
2017
1991
1985
1986
1992
2015
2001
1984
2001
2014
2012
1990
2002
2005
1995
1991
2004
2008
2007
1995
2010
1999
2016
1999
1996
2014
2009
1997
2001
1992
2017
2000
2000
1984
2003
2010
2016
1986
2012
1998
2017
2005
2005
2001
1992
2018
2010
2013
2007
1999
1990
1998
2015
1987
2015
1992
1983
2006
2006
2001
2015
2004
2018
1997
2006
2003
1988
2003
2006
2018
1983
2005
2005
2006
1987
2014
2006
2014
2009
1994
1995
2016
2010
1991
1984
2007
2001
1985
1994
1988
2003
1990
2010
2003
2004
1997
1987
2010
2018
2011
2010
1983
1998
1996
2007
2002
1991
1994
1998
2018
2006
2011
2015
1997
1983
2017